[gd_scene load_steps=13 format=3 uid="uid://fdtci72jf3pk"]

[ext_resource type="Script" uid="uid://b4dfqsglp2pr2" path="res://lib/decoration/decoration.gd" id="1_lcn0t"]
[ext_resource type="AudioStream" uid="uid://qs8mrppeh6he" path="res://maps/seitung/sounds/fountain.ogg" id="3_fgfut"]
[ext_resource type="ArrayMesh" uid="uid://dgp0r5exp3ebw" path="res://maps/seitung/meshes/_bamboo.res" id="4_07111"]
[ext_resource type="PackedScene" uid="uid://vqd44whxclb3" path="res://decorations/fountain/fountain.glb" id="5_volr7"]
[ext_resource type="PackedScene" uid="uid://bt4skwxifwah0" path="res://decorations/lantern/lantern.glb" id="6_4686x"]
[ext_resource type="PackedScene" uid="uid://bvsqlumwkla0v" path="res://decorations/fountain/water_splash/water_splash.tscn" id="6_rhmsy"]
[ext_resource type="ArrayMesh" uid="uid://d0p7bn635jl63" path="res://maps/seitung/meshes/_flower_1.res" id="7_8v73e"]
[ext_resource type="Script" uid="uid://xov275jp0sjg" path="res://lib/foliage_spawner/foliage_spawner.gd" id="8_w5pib"]

[sub_resource type="BoxShape3D" id="BoxShape3D_r2dfd"]
size = Vector3(5.03882, 1.21259, 5.14551)

[sub_resource type="BoxShape3D" id="BoxShape3D_5srjh"]
size = Vector3(2.87407, 3.67933, 3.18188)

[sub_resource type="MultiMesh" id="MultiMesh_kbi6k"]
transform_format = 1
instance_count = 4
visible_instance_count = 4
mesh = ExtResource("7_8v73e")
buffer = PackedFloat32Array(1.94243, 0, 2.02211, -0.117817, 0, 1.40196, 0, 0, -2.02211, 0, 1.94243, -0.353614, -2.20289, 0, 1.45245, 0.339646, 0, 1.97897, 0, 0, -1.45245, 0, -2.20289, -0.251601, 2.84439, 0, -0.973796, -0.387668, 0, 2.25485, 0, 0, 0.973796, 0, 2.84439, 0.211875, 2.01228, 0, 1.57879, 0.142328, 0, 2.5577, 0, 0, -1.57879, 0, 2.01228, 0.15274)

[sub_resource type="MultiMesh" id="MultiMesh_6hp57"]
transform_format = 1
instance_count = 9
visible_instance_count = 9
mesh = ExtResource("7_8v73e")
buffer = PackedFloat32Array(0.383466, 0, -3.04896, 0.140423, 0, 1.53649, 0, 0, 3.04896, 0, 0.383466, 0.0103469, -1.3456, 0, 2.14226, 0.0987079, 0, 1.68654, 0, 0, -2.14226, 0, -1.3456, -0.212891, 1.938, 0, -1.75471, 0.478464, 0, 1.7429, 0, 0, 1.75471, 0, 1.938, -0.306497, 2.29717, 0, -1.20421, -0.375454, 0, 1.72911, 0, 0, 1.20421, 0, 2.29717, 0.152502, 2.95543, 0, -0.795237, 0.0671319, 0, 2.55046, 0, 0, 0.795237, 0, 2.95543, 0.0561888, 2.37902, 0, 1.30934, 0.651508, 0, 2.26294, 0, 0, -1.30934, 0, 2.37902, 0.217357, -1.75659, 0, -1.97597, -0.414884, 0, 1.76258, 0, 0, 1.97597, 0, -1.75659, 0.286543, 0.04195, 0, 2.88248, 0.102116, 0, 2.40232, 0, 0, -2.88248, 0, 0.04195, 0.248119, -2.35404, 0, -1.31334, 0.658997, 0, 2.24635, 0, 0, 1.31334, 0, -2.35404, 0.53208)

[node name="DecoFountain" type="Node3D" node_paths=PackedStringArray("collision_box")]
script = ExtResource("1_lcn0t")
id = "waterfall_fountain"
collision_box = NodePath("Body")

[node name="Body" type="StaticBody3D" parent="."]
collision_layer = 3
collision_mask = 3

[node name="Collision" type="CollisionShape3D" parent="Body"]
transform = Transform3D(1, 0, 0, 0, 1, 0, 0, 0, 1, 0, -0.360781, 0)
shape = SubResource("BoxShape3D_r2dfd")

[node name="Collision2" type="CollisionShape3D" parent="Body"]
transform = Transform3D(1, 0, 0, 0, 1, 0, 0, 0, 1, -0.970543, 1.83327, -0.440796)
shape = SubResource("BoxShape3D_5srjh")

[node name="FountainModel" parent="." instance=ExtResource("5_volr7")]
transform = Transform3D(1, 0, 0, 0, 1, 0, 0, 0, 1, 0, -0.14, 0)

[node name="Water" type="AudioStreamPlayer3D" parent="FountainModel"]
transform = Transform3D(-4.37114e-08, 0, -1, 0, 1, 0, 1, 0, -4.37114e-08, 0.34498, 1.35078, 0.0442481)
stream = ExtResource("3_fgfut")
volume_db = -4.0
autoplay = true
max_distance = 5.0
attenuation_filter_cutoff_hz = 10000.0

[node name="Flowers2" type="MultiMeshInstance3D" parent="FountainModel"]
transform = Transform3D(-0.999692, 0.00413921, -0.024451, 1.06904e-08, 0.985973, 0.166906, 0.0247987, 0.166855, -0.985669, 1.55792, 0.125872, -0.895724)
layers = 2
cast_shadow = 0
multimesh = SubResource("MultiMesh_kbi6k")
script = ExtResource("8_w5pib")
custom_mesh = ExtResource("7_8v73e")
count = 2
size = 1.5
min_scale = 2.5
max_scale = 3.1
moss_scaling = 1.334
vary_colours = false

[node name="Flowers3" type="MultiMeshInstance3D" parent="FountainModel"]
transform = Transform3D(-0.999692, 0.00413922, -0.024451, -0.000396867, 0.983176, 0.182659, 0.0247955, 0.182614, -0.982872, -0.886478, 0.0548016, 1.74337)
layers = 2
cast_shadow = 0
multimesh = SubResource("MultiMesh_6hp57")
script = ExtResource("8_w5pib")
custom_mesh = ExtResource("7_8v73e")
count = 3
size = 0.9
min_scale = 2.5
max_scale = 3.1
moss_scaling = 3.0
vary_colours = false

[node name="Bamboo" type="MeshInstance3D" parent="FountainModel"]
transform = Transform3D(-4.36594e-08, -2.13072e-09, -1, -0.0487452, 0.998811, 0, 0.998811, 0.0487452, -4.37114e-08, -1.32339, 0.0857063, 1.74881)
mesh = ExtResource("4_07111")
skeleton = NodePath("../..")

[node name="Bamboo2" type="MeshInstance3D" parent="FountainModel"]
transform = Transform3D(0.794417, 0.0602764, -0.41865, -0.0680917, 0.89742, -1.86265e-09, 0.41745, 0.031674, 0.796701, -0.772752, 0.0857063, 2.04461)
mesh = ExtResource("4_07111")
skeleton = NodePath("../..")

[node name="Lantern" parent="FountainModel" instance=ExtResource("6_4686x")]
transform = Transform3D(-0.089016, 0, -0.99603, 0, 1, 0, 0.99603, 0, -0.089016, 1.32924, 0.0197433, -1.65728)

[node name="WaterSplash" parent="FountainModel" instance=ExtResource("6_rhmsy")]
transform = Transform3D(-0.707107, 0, -0.707107, 0, 1, 0, 0.707107, 0, -0.707107, 0.174874, 0.308005, 0.396458)

[node name="WaterSplash2" parent="FountainModel" instance=ExtResource("6_rhmsy")]
transform = Transform3D(-0.629036, 0, -0.777377, 0, 1, 0, 0.777377, 0, -0.629036, -0.116055, 1.02518, -0.768934)
